vt    = 240;
h     = 10000;
gamma = 0;
TR    = 0;
xcg   = 0.35;
psi   = 0;