function [Al, Bl, Ald, Bld] = example()

    %X=[u,alpha,q,theta]
    %U=[delta_e]
    %Ci=[d/du, d/dalpha, d/dq, d/ddeltae, d/ddalphap]

    Bl = zeros(4,1);
    Bld = zeros(4,2);
Al = [-2.0244e-02   7.8763      -6.5020e-01     -3.2170e+01; ...
      -2.5372e-04   -1.0190     9.0484e-01      0; ...
      7.9472e-11    -2.4982     -1.3861         0; ...
       0              0          1.0000          0];
Ald =  [-3.2200e-01      3.8904e-02     -9.9156e-01     6.4032e-02;...
        -3.0919e+01     -3.6730          6.7425e-01     0;...
         9.4724         -2.6358e-02     -4.9849e-01     0;...
         0               1               3.9385e-02     0];
end

